252.97
158.35
250.53
158.35
257.93
128.91
253.59
74.83
64.56
234.20
40.00
126.06
80.00
239.03
80.00
218.55
430.86
320.12
430.86
217.43
356.17
40.00
41.26
204.58
245.78
85.36
52.30
80.00
195.14
430.86
325.56
89.97
325.56
195.14
80.00
80.00
110.31
128.91
464.07
109.74
40.00
199.68
80.00
320.12
40.00
40.00
430.86
179.06
320.12
234.20
215.42
366.87
40.00
430.86
366.87
356.17
430.86
325.56
40.00
241.78
40.00
80.00
234.20
179.06
430.86
366.87
84.90
234.47
430.86
236.26
234.20
189.84
126.06
245.22
80.00
364.51
158.35
356.17
92.75
204.58
80.00
80.00
80.00
158.35
195.08
430.86
195.14
80.00
179.06
80.00
199.68
80.00
364.51
179.06
325.56
192.60
356.17
92.22
320.12
325.56
703.07
1169.44
775.62
1328.01
992.85
616.16
1113.96
1223.47
757.01
1118.85
719.00
1105.38
1042.90
1229.82
1108.25
1113.03
719.88
715.49
918.61
727.00
1307.35
1227.19
782.53
1001.15
730.30
1234.10
674.12
752.68
604.73
636.00
1132.76
837.69
991.49
677.72
1127.77
587.71
849.33
1015.42
1124.28
769.72
737.75
866.10
907.60
606.34
765.13
1004.24
1238.77
1200.89
760.79
1127.94
688.16
1188.62
864.34
1188.01
1067.56
828.30
1010.36
893.68
606.81
712.52
954.76
504.24
922.43
792.78
1141.99
1025.74
654.59
665.70
1331.76
379.76
562.32
792.67
781.73
1037.91
1071.39
1063.86
1227.75
686.01
616.89
719.59
1208.72
1084.88
842.73
1319.71
901.09
809.66
745.86
763.57
804.11
1187.59
1134.90
1288.31
1029.87
594.47
548.11
919.72
873.48
503.61
515.61
813.03
1634.81
1340.64
1381.79
994.44
1292.81
1712.95
1102.58
874.97
980.44
1378.14
1394.81
1192.33
1388.03
1055.12
1547.88
1514.70
1409.22
1150.59
1334.68
1279.53
912.40
1260.58
1700.06
1552.08
1438.38
1262.15
1162.84
1546.77
1085.82
1445.94
701.71
1404.83
1070.12
1408.29
994.03
1573.16
1007.05
1451.83
1501.06
1337.55
1070.52
1287.20
850.90
1440.29
1430.92
1583.81
1547.89
1608.00
1393.82
1420.62
1179.45
1054.22
1559.52
1349.06
1632.94
1022.76
1334.22
919.99
1313.80
1160.80
1354.57
1515.41
1588.29
1116.22
1443.77
1503.99
1385.47
1152.05
1276.16
1618.66
1471.26
1549.66
1397.00
983.83
837.36
1015.67
1594.07
1187.00
1439.34
977.29
1603.98
1083.58
1505.19
1630.95
1424.19
1387.32
1609.38
1063.24
1458.44
994.94
1416.36
1541.01
1601.33
1667.50
1047.97
1286.04
1004.41
1677.28
1422.50
1504.34
1177.63
840.81
1023.29
861.77
977.24
646.06
676.42
1080.18
1168.47
1391.79
787.56
996.01
978.14
783.94
762.04
778.01
904.05
569.42
761.46
706.17
1147.69
656.38
740.98
1220.76
1259.14
772.61
1053.27
1327.80
701.45
934.05
360.08
449.28
568.11
1334.47
972.01
788.73
705.80
397.16
878.37
1119.17
555.76
674.81
970.36
1156.02
819.42
875.56
1069.91
402.71
719.55
1001.69
1452.87
1005.45
568.83
999.57
524.24
687.31
1036.24
1180.22
625.15
657.01
699.99
748.85
1477.25
1171.88
382.81
1277.90
1127.19
694.42
613.67
780.52
979.61
732.17
1187.58
1138.29
986.82
1001.33
1034.28
515.90
711.53
1276.06
760.36
902.83
1012.79
477.85
1106.51
707.82
1332.04
324.33
813.59
1003.31
567.51
885.72
656.40
995.87
1463.04
1034.72
1236.22
772.23
990.74
1353.58
1011.12
574.54
932.02
1100.58
778.98
603.24
980.48
866.78
567.32
1131.48
671.06
926.93
847.44
838.51
858.06
678.63
1202.20
416.34
1190.32
375.63
957.10
601.24
766.85
791.47
769.81
859.41
1132.30
785.83
436.44
1182.60
465.37
715.37
1041.42
961.16
654.92
1287.28
692.57
840.50
709.05
850.89
971.31
940.18
540.41
524.39
649.54
1110.60
348.07
834.37
1131.33
633.48
261.49
332.01
380.30
572.60
787.58
607.54
832.93
694.92
462.02
571.56
855.26
787.37
652.42
646.41
1020.34
494.93
878.20
785.48
813.25
362.16
610.64
714.30
922.97
739.66
665.00
868.89
776.56
964.78
924.36
454.36
534.48
630.01
332.26
361.00
810.92
584.97
1027.60
721.65
619.81
1013.19
486.11
352.79
483.83
755.12
413.38
368.73
766.36
656.35
831.75
721.01
712.55
706.65
529.58
325.93
754.52
331.74
870.40
496.98
701.68
403.64
657.26
597.04
515.76
471.91
347.40
685.19
711.07
973.39
674.04
472.13
910.78
819.59
970.79
474.08
497.68
468.18
502.49
577.55
930.50
394.71
521.09
838.94
597.73
561.15
348.14
578.66
1026.48
359.57
936.20
625.15
603.37
726.51
637.08
194.76
465.79
466.46
934.33
952.32
456.07
853.78
1172.48
919.84
1156.22
1284.19
1033.33
541.84
805.87
883.36
1014.90
1149.76
868.22
1071.33
971.98
793.65
1143.58
790.19
703.77
602.66
947.45
1085.49
627.44
607.13
852.23
1333.18
1012.93
793.18
1271.43
803.46
1078.53
618.83
768.09
928.75
613.93
676.15
847.10
1176.44
1089.72
995.91
820.77
1080.28
1281.94
989.75
1060.10
1312.49
818.72
1182.33
1079.45
1064.24
735.42
1035.86
1479.01
816.14
1310.21
1054.09
591.97
1156.67
845.04
591.41
722.06
1180.73
945.79
1049.09
1001.45
1269.89
1134.29
922.83
814.08
1061.79
1267.40
648.57
1324.77
455.53
1041.60
551.32
892.33
1068.72
1114.95
799.02
1330.32
788.02
845.35
751.53
830.37
1199.69
950.64
784.59
1264.25
1060.94
748.42
1289.51
482.30
1010.92
756.48
968.89
1006.67
824.59
711.68
1281.64
1088.69
804.05
1495.80
1551.80
1588.03
1518.49
1531.81
1657.10
1565.45
1653.40
1605.99
1589.65
1636.86
1658.12
1502.45
1661.16
1586.54
1600.20
1520.98
1566.99
1563.07
1600.19
1549.68
1531.61
1532.28
1573.61
1564.09
1564.70
1536.30
1613.93
1404.77
1625.85
1559.22
1538.53
1657.36
1643.62
1619.76
1694.37
1455.68
1620.70
1650.48
1405.47
1513.50
1618.79
1622.90
1780.65
1523.65
1619.56
1526.87
1694.37
2164.15
1645.43
1509.73
1577.75
1544.08
1528.21
1643.56
1576.69
1971.23
2214.64
1552.10
1541.95
1561.63
1523.65
1532.45
1551.19
1580.03
1857.04
1633.80
1504.52
1638.68
1491.42
1650.84
1545.70
1531.59
1654.11
1575.03
1630.86
1518.15
1621.46
1880.76
1540.17
1565.82
1484.68
1521.05
1635.60
1512.38
1501.70
1615.33
1490.41
1531.74
1632.05
1505.57
1618.27
1624.89
1543.03
1570.11
1538.59
1635.05
1597.10
1480.16
1564.03
770.25
652.13
806.81
1596.85
1094.82
707.25
1115.04
1232.56
629.39
1182.10
1756.74
1225.88
1634.35
1468.92
1577.55
1750.40
1450.84
1467.65
1580.35
1369.28
823.98
1785.80
1528.07
1565.74
1300.32
1304.49
1237.49
875.37
1658.43
1286.79
1555.23
1187.08
1464.20
724.50
1363.86
1700.96
668.33
1578.86
1397.97
411.07
1613.40
1397.30
1162.80
656.19
918.57
1486.83
1727.77
615.31
1395.14
578.58
1310.78
1208.22
1181.42
1726.51
1287.18
1033.44
1246.29
1585.48
1028.59
1794.74
1156.61
1059.83
465.37
175.53
1109.76
908.45
1150.30
1755.96
776.23
859.59
1381.63
1375.00
1174.35
450.17
1247.51
1275.31
1277.35
1355.44
558.54
1353.46
1039.32
978.39
931.87
1500.32
476.47
1424.40
1263.60
1431.05
879.83
1567.90
1666.60
767.29
1268.72
1041.16
1117.84
1073.46
1583.55
833.65
776.39
895.33
1311.81
1478.55
1424.20
1571.15
1636.46
1582.66
1538.69
1494.27
937.88
1513.06
1188.91
1029.89
895.59
1174.62
1135.32
1183.35
1370.78
1004.77
1197.23
1404.18
808.33
1330.38
1424.30
1101.11
909.53
1697.16
969.59
1401.03
1203.42
1582.05
391.61
1036.66
953.35
721.02
520.55
919.69
855.10
790.50
1535.95
838.09
599.63
989.33
733.52
1578.23
1006.12
1693.29
1671.13
981.72
772.96
1505.38
1317.05
1437.60
1528.83
1700.95
1214.13
539.66
1250.43
561.71
1136.13
1532.84
1617.58
789.01
526.87
800.39
1384.03
1128.18
859.31
1232.99
1243.52
1696.34
1484.96
1732.12
938.02
1585.24
1034.56
818.09
1450.48
1793.48
1379.73
1442.62
1025.75
1665.84
1619.93
1308.65
1396.56
898.16
489.84
861.46
747.42
1335.16
1742.50
1474.10
1042.97
1199.56
933.43
1351.45
1465.94
1531.16
933.93
1435.51
1144.66
787.55
1608.78
1550.04
991.49
1480.26
809.44
1051.04
1202.77
1743.65
1170.90
1363.90
1264.12
1080.49
1492.48
1809.42
1498.55
1744.53
1269.65
1069.75
825.41
1814.68
1627.39
1607.87
1020.22
1334.32
820.42
581.66
1132.42
1431.27
639.92
1133.51
1239.93
1539.82
1702.95
1294.16
1470.96
1731.56
1785.11
1530.60
1218.80
1339.78
1550.87
1206.82
1782.85
1356.16
976.60
1555.82
1529.59
1612.74
636.23
754.93
1695.66
1399.31
1487.28
1859.47
1243.22
1746.36
1334.95
1780.93
1067.80
1579.04
840.30
1367.57
1166.69
1373.27
1117.67
966.95
916.88
1572.01
1269.66
830.67
1233.08
1554.20
695.08
1200.37
1463.52
1612.88
1520.24
1121.56
781.14
1029.07
603.06
1039.61
819.73
928.35
1425.63
916.61
1058.01
1421.18
1228.47
1050.25
1613.71
1148.54
908.38
1355.84
616.24
1248.49
1011.74
1457.61
758.02
1286.53
680.98
1772.88
1465.90
1244.25
1443.11
1416.69
1003.38
1541.67
1489.92
1058.26
898.79
1371.14
1321.82
1048.72
1423.85
1458.38
1468.47
1202.45
920.08
1482.57
689.51
1174.31
790.79
1295.83
1097.77
1053.51
1560.16
934.32
1279.69
1064.42
1486.86
1374.59
1175.81
546.80
1100.29
1700.24
1432.80
745.67
1584.16
1113.12
948.95
1316.37
1281.52
570.65
287.25
916.33
1552.48
1561.36
986.92
948.29
1597.93
1046.59
1361.46
1538.88
1431.61
1500.00
905.78
1554.26
1417.89
1474.16
1492.28
1348.84
972.88
1408.90
1606.09
843.16
1505.90
1289.87
1235.33
1206.61
1698.90
641.51
1429.40
1121.87
1917.57
1584.04
1416.31
1298.73
1169.79
1609.26
1409.63
1034.97
714.64
689.65
1001.32
1132.15
1795.00
1679.00
1222.09
1044.36
1004.69
885.02
1334.78
1117.14
1519.84
1438.80
1550.27
892.09
1705.00
1450.92
219.55
1806.96
971.52
1446.19
1431.21
1500.17
1610.20
801.15
696.24
1143.28
757.80
1437.84
1426.08
1637.94
542.75
1109.53
1267.55
1383.35
1376.15
955.46
1222.36
1516.03
1051.93
1423.86
1473.12
1152.21
1592.41
1518.94
613.59
1444.44
623.67
1375.11
1513.99
1536.26
773.94
1194.67
1207.03
999.49
1452.35
857.72
1392.79
1495.49
1422.67
1745.66
1525.57
1258.86
1149.49
973.68
1418.59
1139.05
1263.15
1202.23
625.63
736.84
1273.74
903.28
1775.03
1232.57
1629.80
460.54
1626.09
1251.71
1562.68
1452.21
382.65
845.58
1542.69
485.12
1118.93
1164.05
1208.00
1505.97
970.51
1599.59
909.59
1390.54
740.55
1277.69
1154.15
1111.22
1148.62
1319.23
1475.57
506.80
909.98
690.95
574.05
1231.12
727.41
1208.56
866.05
934.12
1116.68
1323.32
1589.44
1720.91
1657.27
1079.59
1693.08
1581.75
1044.03
720.08
758.50
1041.85
1029.75
1119.60
1475.97
1518.47
1028.49
579.31
1495.79
1134.20
1043.37
1473.02
1642.36
1168.21
1469.30
773.97
1416.51
685.03
1012.82
1495.91
1000.27
1439.89
1565.54
922.97
1119.78
1361.71
820.62
1382.99
917.07
889.65
1385.21
1131.74
1717.26
655.63
446.68
1055.27
932.41
1725.07
1437.48
1520.10
1089.39
1332.24
1358.58
1317.83
805.31
1259.15
1652.70
969.63
1381.64
826.28
1387.03
1707.63
1753.84
1522.51
834.13
896.69
904.02
1234.27
1246.46
929.67
1570.34
1240.67
813.94
1378.28
1532.16
1131.48
1102.63
857.46
1133.88
1048.19
683.74
987.00
785.06
1315.96
895.01
647.15
1105.75
1040.67
1210.74
1175.70
856.78
1186.36
1475.92
615.99
1362.15
759.39
509.92
1119.79
752.58
972.83
937.89
1419.47
1166.68
1260.16
1074.45
1156.64
979.63
1343.38
660.24
1308.13
1799.68
1666.04
1430.80
1396.28
484.90
1469.24
1162.65
1222.72
991.27
1403.18
1546.47
1224.67
1228.88
923.14
962.15
1661.53
1598.08
1687.59
1076.22
1244.02
1389.05
1370.95
940.42
635.78
1548.13
1075.02
1490.10
985.86
964.85
1442.91
1483.11
950.49
1615.68
1270.87
1369.80
674.33
1011.93
1777.20
1282.81
1343.80
1712.60
1360.04
1214.05
1570.92
1207.90
994.09
1284.64
1166.60
1473.41
1711.01
826.15
666.71
1435.36
1103.62
1203.96
403.85
1023.42
880.96
859.39
1535.99
768.99
1042.59
1134.11
1562.94
1282.07
1614.89
1291.64
982.54
1483.33
1677.75
1190.22
1418.91
1423.22
1103.05
568.54
1427.77
1222.53
866.78
1233.52
1407.47
988.05
636.76
1471.26
1168.27
1288.26
1516.13
1022.92
1631.82
1208.55
1613.03
795.42
1581.71
1357.08
1813.97
1077.09
1030.61
1670.90
1489.28
1116.51
721.53
1136.37
1595.41
1000.74
1443.39
1104.94
400.05
1387.27
1034.44
1022.04
1192.06
1805.01
839.21
761.49
1410.07
1149.79
571.36
1266.36
1212.23
765.67
1250.69
1083.31
781.02
1310.08
1154.09
1054.94
631.14
1684.27
1220.85
845.02
941.21
1257.79
1504.21
1444.04
557.87
880.15
600.21
1416.40
899.01
680.24
932.34
1479.94
1393.34
1577.75
1140.52
1450.00
716.67
1355.67
1575.85
810.52
1676.82
1162.16
1559.29
616.91
605.58
1222.13
1047.94
1626.45
1049.86
1730.98
1336.94
1104.11
1421.02
687.37
957.07
1666.63
1487.25
658.72
832.74
688.64
788.55
849.45
998.36
1228.06
1136.89
1520.02
717.29
762.07
508.33
1321.36
928.96
1299.06
1026.91
1846.59
1347.93
122.50
920.66
930.40
779.49
1112.76
1262.06
963.24
1563.75
1539.19
1467.96
801.68
321.83
1258.78
1136.84
1291.65
1322.98
632.81
1223.94
308.08
467.87
1218.01
1473.35
530.64
536.08
778.40
1246.01
1350.25
988.86
1573.37
302.55
734.36
789.79
1365.77
1696.65
1524.96
1418.94
1100.27
1590.09
838.22
1647.47
716.80
1367.71
863.64
1191.08
1268.79
905.42
1324.31
1362.51
1192.16
1437.85
1360.37
1458.51
898.92
993.84
1097.11
1202.46
976.83
1369.40
1059.94
1343.59
1282.74
1810.39
1564.06
1604.64
454.41
993.12
1048.21
1796.73
1319.46
906.46
1104.84
747.15
1618.54
1513.87
1714.87
1409.38
1350.72
1040.13
1787.70
1464.92
544.61
1017.26
931.49
944.66
1407.29
1126.89
1260.25
1459.49
1357.24
1637.82
851.66
784.27
1174.44
1454.79
774.37
1193.16
1045.05
1056.74
403.30
741.08
1258.67
1008.31
1437.86
1017.12
1474.21
1414.86
553.20
1333.56
1006.92
1277.06
1058.89
956.00
1426.51
1214.65
1873.19
1815.14
1633.08
1238.63
1048.62
1142.83
1263.65
1153.19
1355.59
1370.16
584.06
1497.48
1594.41
1504.20
1443.73
861.67
981.61
1036.92
910.64
1525.14
672.91
282.31
1014.96
588.10
1015.33
976.33
948.42
552.34
790.58
1278.41
1131.33
623.42
1150.18
1322.06
913.29
1490.75
1569.28
1233.18
1388.17
425.01
918.82
1545.67
851.88
1050.48
1069.03
658.54
1666.43
601.63
917.22
710.15
1778.83
799.55
1671.41
918.72
1062.83
1142.56
1482.54
681.48
1232.57
447.81
808.86
1443.42
1655.04
577.56
1541.93
615.83
1119.68
1072.73
1014.79
1490.19
807.96
969.57
1422.70
1001.29
627.66
1044.68
1617.83
1537.61
1020.18
1648.92
1702.19
1442.30
869.11
1227.46
1081.36
916.34
1297.93
1098.72
1435.56
1176.71
1199.24
1381.11
1412.37
1306.91
1477.60
1400.07
1418.45
1105.55
808.41
1180.16
1625.32
737.99
1485.28
1040.82
958.40
1446.03
1500.70
1619.61
1083.67
1032.80
1214.21
1045.27
1536.80
1209.81
1774.61
580.56
792.90
1172.94
1231.85
1229.86
1408.12
1698.34
942.88
804.89
733.70
1488.88
1550.74
445.19
1612.25
713.66
787.15
1500.61
1010.38
945.76
446.23
1539.28
1035.95
1696.13
1685.07
1149.35
1380.31
1019.53
1703.52
1147.34
1105.27
839.40
807.64
1219.56
691.18
1496.23
1340.04
774.71
1789.26
1363.71
1421.22
1368.94
969.36
1572.56
1352.68
1606.39
658.02
943.38
1050.25
1235.69
1482.63
1522.19
1290.05
1661.67
1400.99
1138.06
1270.10
1375.33
1040.52
1521.31
914.40
1123.52
694.25
1499.28
1410.51
1341.00
549.56
1087.52
929.43
811.06
926.96
1192.88
363.08
1001.36
1044.64
1251.56
762.48
573.18
609.95
1419.72
428.61
668.39
1438.60
1419.40
1206.47
1443.16
1046.38
1455.59
1281.47
1013.28
1323.41
979.35
1529.71
1386.42
1038.51
718.52
981.51
1068.51
1168.57
575.46
1237.66
1620.37
1473.47
826.18
1246.92
988.79
1716.13
1797.27
1125.02
1090.47
1587.37
808.38
1157.44
1188.49
1425.53
883.74
803.27
1525.88
1391.58
1654.34
615.37
1317.37
1826.93
1332.08
1702.97
1464.94
1449.42
1355.15
987.88
1582.75
784.22
1251.61
1249.32
1038.92
980.29
1180.25
1012.23
489.09
1077.50
1419.82
797.22
808.30
973.80
1315.55
1197.90
488.42
518.43
1326.02
1446.27
1348.43
1147.85
1787.94
1651.44
1543.38
1125.03
1354.67
899.30
838.77
1107.44
1509.54
586.29
1251.68
766.12
1445.56
1897.37
965.15
1387.02
932.06
981.00
1449.79
495.71
1253.52
896.38
1447.39
1354.86
1166.08
611.01
838.31
1354.24
80.00
601.08
1422.16
1371.02
738.69
1022.38
1518.63
651.87
726.99
1384.53
1504.93
1294.97
1944.62
1750.47
726.97
1349.92
1093.71
1508.83
1500.64
1036.43
1010.12
1604.79
755.72
1485.46
1071.09
1332.81
989.11
727.02
1201.79
1308.86
1251.41
780.43
864.82
1671.38
1389.54
947.98
1179.60
1149.09
1415.64
1597.44
1588.86
499.60
152.17
817.05
1630.66
1463.55
1583.47
1414.26
1282.15
1631.29
1538.48
1541.78
551.47
1484.61
1523.33
1197.69
1533.10
1637.40
1150.63
1639.44
1080.79
1043.27
1277.24
913.54
1422.39
1245.72
1355.25
1012.87
1358.44
332.73
1586.96
864.24
999.03
533.97
712.04
1531.05
1401.25
1705.00
918.20
1581.28
1054.95
866.28
1616.23
1216.96
998.02
570.56
943.55
1595.90
1626.33
1241.21
458.05
918.32
742.76
772.05
1512.91
983.83
1266.72
942.99
1290.59
1303.75
1447.01
950.94
1050.64
1651.16
1159.50
462.83
1735.84
1370.44
1673.17
1585.31
819.98
933.57
630.23
1507.40
1464.44
905.78
1142.07
1475.63
484.31
883.22
687.48
1401.33
1242.70
1671.35
883.43
1095.44
1150.08
1373.77
1628.38
642.22
1566.42
1153.49
1228.80
582.67
1514.43
1050.55
1633.47
1550.85
661.32
1358.29
842.60
1578.74
1301.19
1301.01
1091.46
685.99
770.82
909.97
930.93
1208.69
1285.61
1403.48
1476.03
1206.76
1172.95
1220.13
989.60
1262.11
1663.95
1064.43
1593.20
1331.91
1527.77
805.22
945.94
1072.74
1716.65
1474.32
818.26
1200.45
1001.70
2014.72
1404.35
1303.35
1472.19
756.40
1225.19
1249.09
1602.79
743.03
1307.54
908.33
1514.34
1584.81
546.81
1351.26
1650.11
1670.63
1132.66
1229.80
686.65
1010.68
1572.47
1116.41
1370.35
1202.46
758.31
1150.46
1353.06
1019.32
1481.50
1006.29
174.24
963.21
1411.45
1594.73
1460.24
1456.26
1711.25
942.11
1392.81
1482.96
1438.94
1091.49
1287.45
1143.96
1358.93
1056.98
1321.77
1410.56
1057.41
698.82
421.28
1495.24
917.20
1083.09
725.04
811.86
855.55
1411.82
959.54
943.83
1546.67
779.88
1715.47
1010.19
773.57
1434.96
912.98
1433.67
1676.77
918.97
1620.91
1595.36
1614.37
890.99
392.36
925.41
1358.02
1511.01
570.01
1572.69
1563.90
1017.50
1396.37
779.37
533.50
1273.34
684.62
109.14
963.56
1469.98
1426.59
1421.41
1661.61
1289.14
1501.63
1187.83
770.70
1187.27
1098.27
752.23
1107.93
1267.46
1530.00
1180.27
1447.26
816.31
1424.61
1384.10
1261.74
1078.70
1005.79
1734.74
897.62
1484.51
1838.15
633.88
1586.73
101.66
1703.43
1030.72
1472.23
1501.14
821.78
1531.29
1773.95
1279.95
1241.92
537.67
1207.68
1424.05
1272.87
1228.21
1616.56
849.77
1626.52
1448.35
959.61
168.36
1602.81
362.59
140.44
1224.90
940.20
1571.44
1429.93
929.48
1683.30
1382.60
1284.50
1350.91
1091.87
927.12
1455.93
808.75
1482.85
1086.23
1331.15
1453.00
1220.93
1409.64
800.44
1055.45
1106.17
1543.60
747.72
480.85
885.43
926.39
720.23
817.33
1435.25
1314.25
1606.54
814.98
1599.12
757.11
1678.33
1649.84
1079.36
1238.04
1340.19
773.56
1592.92
1366.61
736.92
1402.63
782.58
839.78
559.90
766.38
408.98
1644.33
1612.81
1480.40
1270.54
1027.55
529.32
1247.31
1467.34
967.59
404.66
1288.47
1355.71
467.51
1092.25
739.47
817.62
975.26
1514.36
959.26
162.18
810.66
1738.93
963.88
1562.81
1646.96
753.77
1215.89
1659.50
894.52
922.96
1014.06
1470.64
1165.57
1369.25
897.22
1400.63
1610.05
1404.12
704.48
1630.37
1566.03
1222.23
1466.13
1145.33
932.93
1614.82
1227.66
847.84
919.77
1504.56
1114.23
596.10
920.32
784.75
820.33
150.34
1254.55
1603.21
1663.58
1099.24
1200.61
1457.11
1558.27
1424.75
991.53
1494.23
712.45
1551.26
1527.14
1092.74
1817.77
821.74
1518.65
1547.47
1408.94
748.71
813.13
1312.76
1699.27
1195.85
932.66
1273.76
984.60
1026.40
1697.04
1363.01
1595.66
1377.34
801.71
1528.83
1242.00
1417.12
1017.84
1261.09
973.35
907.19
1247.46
1404.40
1209.54
1344.54
1528.32
1005.84
898.51
960.47
1488.64
1508.05
1450.74
973.42
970.34
766.97
807.01
1512.55
758.99
1643.80
713.56
1298.25
513.56
1306.13
953.22
689.59
283.04
1488.17
1494.00
645.24
1118.95
1727.64
1588.47
1111.66
1633.28
1341.34
1329.55
1429.72
1159.30
1734.03
1072.80
565.60
1730.44
1344.30
1374.01
1524.42
1831.75
1268.82
1464.15
1406.78
811.62
1260.96
1153.11
1082.62
1319.59
1003.46
1749.51
1300.78
958.88
1430.34
1214.57
1147.15
1717.20
928.14
806.35
840.58
1334.89
1653.93
605.32
1177.37
1042.75
1813.79
1546.46
882.93
1575.34
1448.27
1413.63
1376.98
952.31
912.12
1509.74
221.23
1791.57
1720.35
1739.51
1154.10
1340.49
999.75
1523.26
1604.28
266.85
1185.57
1091.02
808.77
1979.83
1184.50
1074.44
1079.08
1203.92
1431.57
945.13
1352.24
1287.32
1519.69
738.92
1132.99
1020.08
1052.13
570.96
783.33
541.66
1448.74
653.94
1191.72
870.99
1270.93
1583.20
1600.29
1346.37
1656.90
867.70
960.35
1452.15
1601.32
727.22
462.23
1070.37
1350.22
1438.75
1546.06
1642.12
544.98
466.86
1586.43
923.02
1509.03
832.87
1719.82
1003.14
1437.29
1157.52
961.31
915.90
1331.24
1724.99
1106.50
1671.64
932.52
1202.29
1478.55
1269.31
1673.57
1351.68
1271.53
1033.48
1804.61
793.11
793.58
1308.05
978.18
1338.48
976.93
1120.67
1183.69
1440.42
1367.75
1394.78
1141.04
1037.98
945.21
471.60
1403.78
1289.80
1738.53
1716.86
514.60
446.70
1406.45
1660.86
899.40
1668.37
668.95
1012.73
1006.95
727.52
1739.02
561.36
700.93
1600.22
1556.70
1073.90
844.09
594.87
924.41
1298.42
1673.74
1506.38
1302.89
1187.45
925.44
1591.50
1464.47
1242.69
1592.37
376.09
1168.54
1154.55
1491.23
338.56
678.25
1683.24
1606.47
1225.29
792.50
1155.27
1653.24
1659.50
1222.69
1475.48
1369.94
866.88
1413.87
1115.71
1485.00
961.88
1282.80
697.10
1510.71
1566.44
1275.03
1645.17
1798.50
1730.58
1426.53
1399.56
666.05
816.45
1090.21
708.58
1172.81
1313.55
1655.06
858.77
1475.15
1292.73
1390.30
1523.31
1231.21
1447.79
438.03
784.21
715.19
867.26
857.76
1592.42
1508.32
1698.65
1296.02
1049.05
1041.21
352.31
960.47
1472.66
1304.16
1165.45
650.22
696.55
1403.60
889.00
1209.60
1029.84
660.21
1398.64
1214.30
1519.89
901.77
836.97
522.58
606.23
1463.92
1241.59
1531.94
1252.09
1432.90
1339.25
1545.94
1706.02
1089.46
1612.28
969.38
1379.85
886.31
1228.63
1370.42
169.32
1698.73
1586.42
1077.40
844.70
985.45
1379.31
661.88
1249.66
912.26
1252.44
549.47
1479.65
1401.80
1427.31
682.04
1105.07
1842.10
455.59
1462.63
1594.47
970.99
1188.66
1666.91
1343.31
801.33
1485.14
1074.33
830.57
877.40
1611.46
996.15
939.83
1970.01
1388.21
1251.14
1480.07
1461.14
765.92
833.17
1305.82
761.56
609.31
1186.31
1089.09
466.88
1433.27
294.53
1013.24
712.16
1351.96
1498.71
1878.06
929.12
1208.67
437.40
786.85
1251.92
1630.15
1083.06
1078.41
1637.65
1328.74
1286.84
1375.61
1086.47
1354.81
243.34
1831.68
1261.02
861.77
692.59
486.00
1676.14
1265.23
1084.34
1651.50
1633.27
1080.79
1406.96
1366.38
890.55
1531.61
1222.76
1379.65
1407.76
1288.51
1739.25
1096.00
1449.82
949.27
1014.50
1154.22
1494.21
606.47
875.74
1652.30
1065.70
1281.98
1429.08
1323.48
908.05
832.85
1222.88
920.60
1758.31
862.46
1413.85
1501.22
1311.76
1741.17
769.14
1066.55
1336.37
1387.01
608.69
815.43
1051.94
1244.82
1172.83
1631.24
1049.24
833.68
836.76
825.87
1017.25
1702.30
990.49
785.53
1651.37
603.35
1470.02
1783.71
1598.80
1370.35
1079.35
1271.92
803.49
461.01
1375.41
1952.80
1490.62
1449.87
1839.53
1343.75
1601.89
995.61
1025.56
952.27
1114.31
1381.13
1382.16
852.63
1347.01
1349.72
851.94
1732.49
840.38
1742.56
1802.77
893.87
705.22
1324.86
1516.26
1583.81
1483.96
892.99
1687.63
1523.91
1578.35
849.14
1392.58
1778.38
316.02
637.66
559.56
871.22
1333.09
1124.13
1572.30
874.31
1008.32
1210.49
769.03
1473.04
1432.86
1187.79
839.88
1511.50
1433.44
1151.50
999.29
1735.17
1305.58
1055.08
902.60
1210.60
1406.02
1092.74
1133.86
400.80
778.93
1232.79
950.24
940.39
1366.23
1355.54
1737.43
1628.01
1533.84
1069.20
1134.18
920.38
1621.44
1297.45
1442.63
1627.58
1803.37
1298.80
1747.22
1240.78
1380.41
1533.94
1136.61
1056.74
1761.91
1566.91
1307.36
929.42
1430.99
1766.52
1032.95
1470.94
1448.40
1677.71
807.24
1478.38
484.65
898.86
1452.25
817.04
1145.08
1408.16
1648.41
1566.84
1456.43
999.81
800.37
1203.87
1833.55
1555.67
1315.72
1446.17
1189.97
986.21
1354.56
1145.15
1237.91
1017.58
910.60
1604.93
1626.22
1697.26
1099.80
741.57
1647.63
1056.81
1392.98
1076.28
1464.54
907.37
849.02
845.51
1263.61
1234.74
1417.15
830.78
1665.00
1469.06
1315.31
1762.18
1524.07
322.12
1001.30
812.07
1110.43
1744.53
941.36
1619.00
1597.87
723.63
925.65
1703.43
1622.86
1251.29
1438.66
434.22
811.40
1051.41
992.71
1349.49
1342.06
1413.69
1002.31
1327.24
1382.90
581.43
1291.14
1550.23
1668.29
1624.84
1630.15
1202.23
985.92
842.96
1330.15
639.43
1136.96
1232.58
1461.39
779.76
1479.65
1680.45
960.31
1484.14
700.37
1067.07
1439.77
738.15
1543.03
1565.50
1429.03
1085.82
1308.60
1036.73
1468.01
1429.94
1099.00
1426.05
1252.68
970.70
761.63
1282.44
756.33
2090.54
915.65
819.49
1359.66
879.02
768.57
816.38
1219.89
861.35
624.78
688.27
271.54
977.44
1596.41
458.67
1373.23
1457.36
1551.79
1073.57
1511.92
1628.15
807.11
993.59
1742.50
1305.33
1438.79
1349.04
1306.80
1477.86
770.35
972.29
851.81
1356.54
1297.23
918.28
1033.19
1515.45
730.15
809.08
935.40
1169.92
942.96
987.87
928.34
799.49
818.23
762.77
939.05
193.05
1396.83
1017.51
781.65
1682.51
824.70
1696.12
1253.07
1413.46
1600.35
615.45
941.50
1539.60
1513.64
1494.12
647.70
1115.87
893.20
1448.68
458.43
1149.70
1373.42
1459.63
1656.01
1060.33
932.28
1390.73
1027.63
1838.75
1648.98
955.98
1472.97
1447.76
590.33
1375.58
875.14
1571.75
777.05
218.29
757.72
919.62
1495.58
1636.82
1063.46
1200.18
1191.59
817.23
993.56
1029.49
1320.77
1372.39
1769.74
662.97
1329.28
698.98
1636.54
1014.43
1160.33
873.34
1686.58
1264.96
841.12
1714.69
1428.03
896.36
1559.67
1375.58
1329.25
1792.55
1345.62
1018.49
1007.14
1180.94
1388.14
1056.27
1558.68
1077.65
1337.78
1600.42
1666.82
1523.51
1842.30
1778.27
703.99
1218.92
1484.98
1283.32
579.03
701.47
592.07
1952.80
979.13
804.66
1609.75
824.63
1293.14
1405.85
1404.84
460.23
807.85
1710.53
1361.31
922.69
827.41
1716.51
1492.23
1451.72
1518.40
1138.21
491.50
1666.87
1372.44
1036.12
1804.13
1271.37
1595.13
978.74
1489.62
1368.69
1567.91
1449.09
813.14
1309.58
976.02
1474.75
1651.08
1168.07
1464.03
1272.80
1319.22
769.28
711.62
1094.42
602.59
1577.23
924.37
1576.97
1366.61
1494.23
1211.45
1263.35
1162.29
764.64
1661.12
1715.30
1030.14
871.51
976.39
1116.72
1820.66
629.08
1530.00
1249.38
1718.94
874.89
1708.91
623.24
1241.49
987.50
1106.93
1215.40
759.98
834.41
1364.58
667.20
1571.43
1376.49
1313.03
1480.38
915.50
1276.57
801.35
1856.04
1031.50
1245.56
1071.93
769.22
1584.82
1343.90
1220.04
718.67
1137.21
1558.60
1244.14
1542.90
1769.78
876.02
1182.64
1489.83
1290.64
991.86
1638.87
704.94
1500.00
1369.77
1162.64
1149.79
724.34
943.93
1517.05
719.81
1320.79
1468.58
970.69
1396.23
1055.39
1765.72
1381.30
1087.01
1538.78
271.65
847.43
1040.05
1390.14
1543.43
572.34
765.37
1042.92
1348.04
1672.32
1185.39
1651.61
1602.58
1044.51
1388.44
1666.87
1268.10
975.14
1081.48
1013.93
1754.97
573.84
1204.14
1214.26
1511.23
1267.41
646.11
1235.39
1614.39
992.55
1084.25
1593.24
1346.84
1245.03
827.48
722.72
1485.74
1437.15
1212.53
1143.39
1716.00
1330.30
1496.94
552.92
1272.17
823.42
1057.68
1198.90
924.08
762.70
1332.24
713.80
1579.07
995.33
694.70
1605.76
685.57
1267.41
1223.48
978.57
1244.42
1265.57
809.82
1348.39
841.30
588.27
978.89
476.29
1835.76
1453.41
979.64
1207.93
299.59
990.52
838.73
1125.92
1176.15
1802.43
958.75
1012.09
1216.59
1582.91
1442.30
1309.52
1441.43
1135.52
1611.13
1433.41
1278.70
1360.74
1415.36
643.48
1377.50
911.65
1008.78
1765.02
1476.02
1606.45
1184.14
1324.69
884.70
874.45
1607.95
1202.66
1435.55
418.47
1016.45
1557.24
935.17
1390.98
1437.90
1634.08
170.37
1230.32
1771.20
1726.62
808.42
1164.66
1337.16
1915.79
1500.57
1713.58
1207.46
1398.53
875.39
1393.46
968.93
791.37
1283.47
159.51
1461.69
618.21
712.05
1366.07
689.22
1701.26
1193.48
1667.56
1617.94
949.04
1837.25
1239.31
1574.07
625.29
680.44
1400.70
1488.21
1399.35
683.97
1516.84
1802.49
742.10
964.55
809.93
1494.35
1586.95
1447.52
1736.77
1452.43
1219.09
504.42
732.77
1796.98
1781.74
1550.47
1521.56
813.38
1419.39
1443.02
1727.91
880.63
967.61
1437.74
1500.00
738.10
1569.75
1306.31
1010.44
1496.46
1104.14
1375.88
1139.78
1705.10
691.82
1007.34
1696.71
1349.67
656.99
1394.01
1360.07
1033.34
1528.58
1686.97
801.36
647.08
1374.41
1217.19
1405.76
846.33
919.53
1088.43
1287.43
932.13
1172.44
1672.66
1437.13
891.67
1037.12
1200.60
1010.15
804.96
1689.62
1537.45
1240.43
1340.02
1392.01
1686.19
1425.23
1662.16
1579.33
1080.94
1331.55
1358.74
1051.66
1453.65
1492.49
1624.37
1411.43
1432.04
1617.29
626.20
1307.88
615.15
1319.31
1462.34
1173.27
767.76
547.09
1001.66
1318.14
595.26
1237.70
1592.72
1642.98
1055.84
1584.53
632.56
948.25
1039.54
1229.15
1034.04
915.61
1465.97
1287.96
1142.27
602.61
918.89
1143.71
1119.83
1458.42
1244.20
1124.25
1378.64
1541.87
1473.75
1118.50
1039.77
1132.71
1175.83
1705.36
765.51
890.14
1403.40
592.48
1514.76
1003.63
1246.35
1071.30
1779.08
800.02
1708.02
1616.81
858.31
1491.89
783.35
669.95
1249.96
803.65
1547.04
1627.93
1244.83
902.44
1482.74
242.96
1482.27
949.79
1205.88
1464.74
933.18
944.18
1515.97
756.47
1132.54
1391.67
605.83
1162.58
582.12
605.47
1330.31
1269.26
1118.48
1425.97
1388.60
1000.00
1610.41
1427.73
1371.91
1430.48
891.42
1195.41
693.50
1456.28
1659.26
700.45
677.66
838.52
1516.21
1732.78
1056.40
1741.66
1230.78
1155.79
1722.06
1024.23
1706.36
914.41
1056.26
1584.73
838.15
1563.32
1282.80
981.48
1568.94
1222.23
1006.63
1452.41
1769.90
1395.65
1277.57
881.61
900.74
1001.09
1067.53
713.55
1691.26
1372.99
1103.60
682.98
791.85
1556.78
1291.62
1079.14
942.00
1699.87
1866.05
839.13
1407.89
1354.10
638.17
270.60
1354.53
1188.09
961.67
961.64
730.02
1441.01
1481.32
1097.95
1537.56
1503.18
1107.10
870.99
1209.17
919.13
1045.91
1286.59
865.48
752.63
685.26
1089.44
1528.63
1748.35
1396.78
1656.06
663.81
1375.97
1434.12
1035.38
950.93
1638.56
927.09
1505.13
1407.47
1675.34
1330.00
1021.28
1191.81
1605.65
871.36
810.02
857.49
1171.73
941.67
1023.92
1021.67
1182.31
1427.19
1018.29
1198.71
1619.60
1282.84
1399.98
176.53
261.62
1562.89
1476.14
820.73
1610.49
907.33
1148.46
676.23
1401.90
690.18
1796.58
808.08
1316.75
1004.48
655.12
1559.33
631.52
556.61
1130.84
1323.71
1185.58
824.07
1651.68
1201.08
515.05
1787.57
1753.11
558.91
1606.42
1151.95
1826.43
943.77
1553.42
902.01
1158.38
948.54
1148.52
993.11
1284.55
1242.42
995.31
591.37
755.04
1102.19
1138.28
1581.05
1658.58
1353.01
675.48
1178.20
1035.94
926.96
1338.24
788.86
1184.36
1311.98
814.67
1216.49
1514.99
598.55
832.68
1883.49
801.53
1446.18
908.47
811.58
1598.95
1151.29
1195.10
1465.38
1384.14
999.71
190.81
1677.41
1160.72
1384.11
1127.78
1277.42
1049.73
1717.53
1394.12
1554.40
1360.12
1532.64
738.49
1606.81
1047.34
1103.98
1507.45
1637.91
1435.00
1344.18
1555.95
1561.01
885.34
1115.01
1035.53
704.53
829.58
1349.35
1720.19
1051.05
471.53
1367.51
677.10
1400.37
1264.84
1058.72
1186.07
1293.69
1324.77
831.04
1574.40
1205.13
1047.26
601.34
1267.88
1272.01
1213.56
994.66
1216.67
987.76
1583.54
967.70
1434.96
990.84
1851.38
1524.13
1083.83
1555.66
1220.35
1523.35
1336.65
1022.15
1248.43
1434.62
1167.43
776.87
1419.46
1008.72
668.90
1747.49
1237.07
1561.28
909.98
1451.85
988.72
1883.21
1024.67
1690.65
1439.91
1355.54
1584.54
771.79
1213.96
883.11
1419.88
1020.28
1041.48
764.55
1568.98
1513.53
1288.90
982.30
866.03
1445.58
1801.31
1485.90
527.78
947.81
889.23
1275.75
1003.65
1235.59
1445.60
1158.19
276.42
1234.63
1535.25
1188.73
1338.12
856.19
1620.89
1482.71
1117.82
505.00
1850.95
974.16
1497.43
1082.78
766.10
1654.62
1167.93
1352.60
1638.16
214.60
979.86
285.33
1388.02
754.36
740.20
1555.43
1523.83
808.01
1241.49
1334.32
1734.88
1649.01
305.14
1359.40
946.86
1732.30
989.42
1622.95
1377.15
1741.59
1229.27
1484.56
835.96
872.27
712.61
1451.91
1221.63
927.65
1047.75
1372.50
836.60
1479.46
109.04
1140.71
1090.65
1105.20
984.38
585.17
989.22
1129.93
1111.41
1148.01
1107.96
1321.45
1214.97
1146.78
1359.93
1277.58
1173.22
1210.55
1181.59
1461.78
1515.90
1064.55
980.07
693.52
1323.58
798.27
569.82
1192.53
945.79
1641.57
1333.44
902.66
1426.87
903.98
1729.08
1028.16
949.60
1030.18
675.74
1110.89
1163.19
1124.70
1683.21
942.31
889.19
1128.02
1450.63
500.34
1293.52
816.86
946.97
1625.65
1843.97
954.46
960.78
1049.13
1479.81
1444.55
943.33
769.84
614.14
1730.34
1174.02
1542.56
1166.87
849.66
1762.45
1233.76
1020.91
1012.37
1413.42
1031.17
1217.60
831.45
951.22
1209.24
981.68
1315.57
1270.48
814.59
820.13
901.02
772.58
1179.22
1430.18
1645.36
1408.33
1010.16
1688.01
968.90
1355.36
1099.65
1501.97
1195.49
883.08
1299.85
1312.93
1308.27
753.46
979.18
1668.13
1533.12
1552.66
1254.86
1712.35
1545.23
1604.14
1387.72
1285.34
962.90
1878.06
1069.86
1056.74
881.77
1235.78
1372.31
683.70
938.20
1594.22
970.98
1439.93
1653.97
1542.80
1302.17
897.62
1179.53
1778.57
274.30
1085.91
978.27
1342.36
1262.53
1047.00
1126.50
739.17
648.54
979.64
1498.95
1639.41
1527.59
1531.53
1213.49
1551.01
1447.35
1623.07
910.85
1521.15
448.16
855.61
1051.45
1155.86
918.42
1364.73
1122.41
1190.55
1414.86
1488.59
805.94
1242.86
1498.02
960.76
1444.08
1635.65
1505.70
773.84
890.85
1369.39
734.23
1265.94
592.17
847.88
1241.30
1497.36
876.73
741.09
854.35
1560.40
775.84
987.48
923.76
1883.49
1366.85
1419.44
1454.11
588.46
1111.52
779.66
1288.50
847.10
722.61
1785.47
1780.48
693.07
1766.47
1001.64
1252.19
1009.09
999.51
1052.52
999.16
1169.59
1380.31
752.36
1155.06
1710.46
1264.16
1133.36
1227.72
1414.18
1724.17
1160.83
897.40
1279.24
1378.15
1287.00
1103.18
1365.40
739.33
358.11
1445.57
1368.81
778.98
895.85
1132.60
809.96
1354.15
1339.30
1069.11
1140.36
1514.90
1107.70
1729.08
1547.40
1306.44
1134.55
1481.67
1578.74
1501.89
1428.96
1552.03
1380.22
1489.20
1040.52
1287.83
1135.14
1058.81
1538.20
1188.17
1025.79
1317.76
810.06
1478.18
880.52
1009.14
961.59
1691.72
1422.95
851.69
1424.66
846.44
1268.15
833.49
857.66
973.41
1134.32
1296.13
1045.96
1158.41
937.17
600.39
732.65
1001.10
1040.67
1568.59
1038.47
1154.52
716.57
1413.11
553.59
1058.50
778.29
1085.57
1366.20
1563.54
1727.35
751.70
1627.23
788.53
815.32
1668.61
1392.98
1066.48
1264.39
1002.51
943.75
1677.67
1392.63
813.23
1562.36
1834.25
1540.63
1092.87
1294.91
893.16
1414.82
858.12
1205.50
938.48
890.62
480.82
1679.00
1340.90
652.02
1129.35
1399.58
911.67
1381.70
1626.77
971.52
714.07
1229.93
1403.17
662.60
565.60
538.99
1493.71
1523.04
1224.38
1587.99
919.30
1662.33
1093.96
1075.07
1501.12
1695.44
1439.58
1197.39
1322.97
789.02
827.66
1539.00
1311.97
1394.97
1556.78
962.94
1417.38
1543.38
1508.57
1721.62
1399.88
1340.89
848.41
1844.91
1577.30
967.89
856.75
601.40
1554.49
939.71
1345.95
1509.71
1293.88
912.41
836.96
1164.20
1205.95
729.64
1039.83
1494.19
795.80
1497.69
1061.91
1208.82
1151.26
930.57
831.38
1374.83
1259.49
1152.92
1313.47
1120.38
1445.02
1189.13
1250.88
1089.52
1549.97
968.19
1555.73
1539.11
1457.64
488.66
634.19
1703.27
902.43
738.17
1317.88
1070.49
1398.04
1537.27
1230.92
1402.61
1503.07
1308.49
1648.23
1559.41
1182.38
1196.24
834.94
1186.72
955.78
920.72
988.59
1006.24
903.46
1247.43
1691.15
1111.83
1376.28
1542.10
497.01
740.86
1499.62
1111.74
1030.77
1415.82
1358.81
857.67
845.53
1446.96
993.07
959.00
1589.99
1138.41
1587.63
1349.28
1394.97
978.97
1051.28
1432.74
1542.94
1662.77
988.14
624.78
926.90
1406.95
722.71
843.13
1541.38
934.51
1649.24
1196.57
1359.14
1673.01
1522.61
989.81
879.05
1455.53
993.26
671.66
609.67
861.34
1639.17
1438.94
623.93
1221.59
1225.39
1489.81
1184.00
1617.41
1818.38
1902.37
1055.78
1763.31
890.04
827.27
457.55
1082.54
940.39
979.68
992.78
1422.98
1756.96
1508.88
1540.23
1087.51
792.56
1289.06
1428.47
1504.31
1712.61
1047.38
881.78
1459.99
1205.17
989.06
1434.42
593.46
1852.47
1083.79
1024.45
1200.12
425.46
1199.94
1293.46
1293.36
1166.14
785.70
1102.59
1270.01
1064.96
597.27
1273.44
914.49
1405.32
959.28
1597.62
962.14
1416.77
1634.97
1448.19
1305.43
1614.20
1037.95
1803.97
539.90
729.81
1830.37
935.45
1224.03
1176.59
1383.15
215.66
1239.26
902.79
1023.80
1739.64
1699.47
421.58
1346.95
348.24
1406.10
793.17
1419.86
1083.49
1540.21
1678.85
428.84
223.99
971.05
1079.72
1148.49
1077.12
781.43
1369.53
800.92
1491.79
1216.49
902.93
762.97
873.00
1410.80
1482.04
807.08
1120.34
959.18
1120.63
591.90
822.99
1279.98
1163.94
965.24
1258.06
827.06
1138.14
698.70
1053.94
1058.12
1449.88
1635.80
1463.25
1192.35
800.69
1561.45
593.42
1236.14
1109.29
1348.39
696.39
984.45
1204.86
1129.10
1217.68
1381.33
1644.54
1669.68
1584.67
785.56
1572.36
949.10
1367.32
1692.88
1370.41
1067.61
705.74
1037.18
1189.53
1538.82
1324.63
1620.94
1476.78
737.88
1408.49
1455.26
1559.81
687.85
862.46
865.09
1183.45
1813.42
839.46
1521.80
1608.55
637.30
543.44
1059.58
883.55
1272.61
472.26
579.48
1088.70
1072.71
1511.84
1548.14
826.95
1340.67
827.62
683.10
1310.42
1115.49
827.09
1125.18
1466.10
903.70
1174.89
1143.66
989.88
1181.35
954.03
1126.32
1161.39
1010.28
462.62
479.59
1329.99
706.55
606.11
812.45
1232.80
1040.78
854.13
1535.83
753.58
1016.90
1429.72
1433.95
1029.96
890.56
1311.68
1476.06
1498.75
1060.60
1672.92
1157.27
1360.67
1791.69
930.86
1496.13
1240.21
1527.27
757.54
1002.08
1729.08
1060.99
1546.89
1682.00
1653.23
1520.72
1464.18
1199.89
1343.49
1052.25
1248.32
1077.73
887.49
1422.36
1899.69
1615.72
1684.73
1091.93
758.34
785.68
1344.45
1370.11
1493.55
404.87
1177.55
545.34
1175.69
1509.84
1223.42
1356.97
1027.77
721.15
1337.53
883.40
1261.57
1144.08
1112.07
1726.79
1136.32
567.87
674.64
1404.37
958.12
1284.70
1251.22
1212.46
1086.73
600.60
540.50
1620.11
946.06
1143.49
1649.90
1303.18
1261.18
1674.30
923.79
989.79
1199.02
1372.31
1191.92
594.79
1815.02
1463.00
1435.00
383.20
1105.23
1280.00
1263.72
1103.30
1590.82
836.45
628.93
991.80
810.92
1595.17
830.35
775.29
1705.70
1651.12
1591.83
960.07
861.17
520.46
1440.93
1352.01
1539.43
406.43
1477.97
1546.24
1476.06
1296.28
1530.36
1003.69
514.46
1549.32
1496.99
1126.65
616.69
767.88
895.62
1072.86
533.25
1613.79
1075.43
1035.51
846.09
952.64
858.62
973.87
1790.98
1227.95
616.06
1252.07
999.24
1371.52
988.64
1069.07
1380.16
1250.46
1058.31
1681.89
1014.22
966.92
1250.74
1824.90
1111.23
1297.64
1301.72
1073.06
842.48
1377.84
856.40
966.46
760.25
1327.16
1013.96
907.08
1197.66
726.14
1305.21
1763.63
805.63
1798.31
1039.01
1174.15
877.84
1315.46
1733.27
1197.49
1170.26
976.89
1026.22
756.69
1551.32
1131.86
1570.56
1448.22
1434.19
819.87
1129.91
1294.34
1664.30
1251.14
1161.01
1363.03
614.64
1607.16
1533.28
1598.85
1481.87
1430.56
1030.06
1469.61
271.20
1042.87
890.34
753.49
880.41
1733.04
1159.87
1410.58
874.99
1558.90
827.99
158.35
859.12
1099.61
1602.53
1753.55
1553.73
1354.81
1578.84
817.75
1397.65
949.43
1207.51
1241.46
760.01
823.08
1360.29
1181.23
702.07
1089.15
1446.67
1263.78
1698.00
1576.93
1191.65
1738.39
1432.51
944.50
1489.72
791.07
839.87
567.68
914.21
470.43
1445.58
1433.59
1529.74
1179.04
1188.60
985.49
837.91
596.05
1613.14
1511.11
1485.00
1611.84
1421.15
1090.43
1644.51
897.07
1005.89
826.16
1526.97
1435.96
1028.54
884.95
1487.37
1560.67
1210.95
1272.63
721.84
1560.97
809.23
1029.39
1464.74
1087.90
1310.51
1234.29
1272.45
858.88
957.47
1793.20
1341.45
711.08
1579.68
757.56
1561.60
743.95
1611.87
1339.43
464.68
1072.81
928.22
160.45
844.66
1205.12
864.39
1374.38
927.20
1116.82
1468.37
1768.11
629.41
1318.45
596.06
1369.71
1133.24
1016.44
1736.89
1492.20
1469.67
848.97
825.38
1737.75
1104.72
1483.68
1266.15
1214.53
695.60
1543.56
350.31
688.95
881.23
879.65
1503.80
612.23
1125.18
1644.59
1313.39
1178.24
296.61
917.64
1009.94
815.15
921.74
705.09
1306.74
1386.86
1769.26
1247.20
1535.08
804.25
1417.87
1576.72
1425.26
1421.50
1770.41
880.25
1225.87
809.60
1035.11
1801.34
1481.12
1304.00
974.38
1487.55
775.82
1050.57
771.67
1596.66
1203.70
1198.64
1307.12
1419.42
1765.27
1426.25
261.58
1309.05
1464.19
1215.30
782.88
1248.78
1122.88
845.09
800.20
1732.08
1311.39
1304.89
1621.69
1657.72
1494.49
904.11
1421.67
1371.32
1061.02
369.43
1426.95
1506.98
1152.39
1134.09
1576.67
759.77
424.18
650.91
1613.62
970.61
